500.049 9.71342 0.391498 294.536 4.85105 0.151597
9.71342 3.63049 0.0279185 7.75546 1.80306 0.012405
0.391498 0.0279185 0.00203355 0.19589 0.00928354 0.000811829
294.536 7.75546 0.19589 702.299 11.9729 0.388996
4.85105 1.80306 0.00928354 11.9729 3.77146 0.0222588
0.151597 0.012405 0.000811829 0.388996 0.0222588 0.00142289
